-12.933922064947563
1
-12.933922064947563
2
-9.875598727517492
3
-9.265365507218704
4
-9.175826260762259
5
-8.678600654475842
6
-8.678600654475842
7
-8.678600654475842
8
-8.678600654475842
9
-8.678600654475842
10
-8.678600654475842
11
-8.678600654475842
12
-8.678600654475842
13
-8.678600654475842
14
-8.678600654475842
15
-7.744889880129472
16
-7.744889880129472
17
-7.744889880129472
18
-7.744889880129472
19
-7.744889880129472
20
-7.744889880129472
21
-7.744889880129472
22
-7.744889880129472
23
-7.744889880129472
24
-7.744889880129472
25
-7.744889880129472
26
-7.744889880129472
27
-7.744889880129472
28
-7.744889880129472
29
-7.744889880129472
30
-7.744889880129472
31
-7.744889880129472
32
-7.744889880129472
33
-7.744889880129472
34
-7.744889880129472
35
-7.744889880129472
36
-7.744889880129472
37
-7.744889880129472
38
-7.744889880129472
39
-7.744889880129472
40
-7.744889880129472
41
-7.744889880129472
42
-7.744889880129472
43
-7.744889880129472
44
-7.744889880129472
45
-7.744889880129472
46
-7.744889880129472
47
-7.744889880129472
48
-7.744889880129472
49
-7.744889880129472
50
-7.744889880129472
51
-7.744889880129472
52
-7.744889880129472
53
-7.744889880129472
54
-7.744889880129472
55
-7.744889880129472
56
-7.744889880129472
57
-7.744889880129472
58
-7.744889880129472
59
-7.744889880129472
60
-7.744889880129472
61
-7.744889880129472
62
-7.744889880129472
63
-7.744889880129472
64
-7.744889880129472
65
-7.744889880129472
66
-7.744889880129472
67
-7.744889880129472
68
-7.744889880129472
69
-7.744889880129472
70
-7.744889880129472
71
-7.744889880129472
72
-7.744889880129472
73
-7.744889880129472
74
-7.744889880129472
75
-7.744889880129472
76
-7.744889880129472
77
-7.744889880129472
78
-7.744889880129472
79
-7.744889880129472
80
-7.744889880129472
81
-7.744889880129472
82
-7.744889880129472
83
-7.744889880129472
84
-7.744889880129472
85
-7.744889880129472
86
-7.744889880129472
87
-7.744889880129472
88
-7.744889880129472
89
-7.744889880129472
90
-7.744889880129472
91
-7.744889880129472
92
-7.744889880129472
93
-7.744889880129472
94
-7.744889880129472
95
-7.744889880129472
96
-7.744889880129472
97
-7.744889880129472
98
-7.744889880129472
99
-7.744889880129472
100
-7.744889880129472
101
-7.744889880129472
102
-7.744889880129472
103
-7.744889880129472
104
-7.744889880129472
105
-7.744889880129472
106
-7.744889880129472
107
-7.744889880129472
108
-7.744889880129472
109
-7.744889880129472
110
-7.744889880129472
111
-7.744889880129472
112
-7.744889880129472
113
-7.706969406240512
114
-7.670146696736122
115
-7.670146696736122
116
-7.670146696736122
117
-7.670146696736122
118
-7.670146696736122
119
-7.670146696736122
120
-7.670146696736122
121
-7.670146696736122
122
-7.670146696736122
123
-7.670146696736122
124
-7.670146696736122
125
-7.670146696736122
126
-7.670146696736122
127
-7.670146696736122
128
-7.670146696736122
129
-7.670146696736122
130
-7.670146696736122
131
-7.670146696736122
132
-7.670146696736122
133
-7.670146696736122
134
-7.670146696736122
135
-7.670146696736122
136
-7.670146696736122
137
-7.670146696736122
138
-7.670146696736122
139
-7.670146696736122
140
-7.670146696736122
141
-7.670146696736122
142
-7.670146696736122
143
-7.670146696736122
144
-7.670146696736122
145
-7.670146696736122
146
-7.670146696736122
147
-7.670146696736122
148
-7.670146696736122
149
-7.670146696736122
150
-7.670146696736122
151
-7.670146696736122
152
-7.670146696736122
153
-7.670146696736122
154
-7.670146696736122
155
-7.670146696736122
156
-7.670146696736122
157
-7.670146696736122
158
-7.670146696736122
159
-7.670146696736122
160
-7.670146696736122
161
-7.670146696736122
162
-7.670146696736122
163
-7.670146696736122
164
-7.670146696736122
165
-7.670146696736122
166
-7.670146696736122
167
-7.670146696736122
168
-7.670146696736122
169
-7.670146696736122
170
-7.670146696736122
171
-7.670146696736122
172
-7.670146696736122
173
-7.670146696736122
174
-7.670146696736122
175
-7.670146696736122
176
-7.63517425084561
177
-7.63517425084561
178
-7.63517425084561
179
-7.63517425084561
180
-7.63517425084561
181
-7.63517425084561
182
-7.63517425084561
183
-7.63517425084561
184
-7.63517425084561
185
-7.63517425084561
186
-7.63517425084561
187
-7.63517425084561
188
-7.63517425084561
189
-7.63517425084561
190
-7.63517425084561
191
-7.63517425084561
192
-7.63517425084561
193
-7.63517425084561
194
-7.63517425084561
195
-7.63517425084561
196
-7.63517425084561
197
-7.63517425084561
198
-7.63517425084561
199
-7.63517425084561
200
-7.63517425084561
201
-7.63517425084561
202
-7.63517425084561
203
-7.63517425084561
204
-7.63517425084561
205
-7.63517425084561
206
-7.63517425084561
207
-7.63517425084561
208
-7.63517425084561
209
-7.63517425084561
210
-7.63517425084561
211
-7.63517425084561
212
-7.63517425084561
213
-7.63517425084561
214
-7.63517425084561
215
-7.63517425084561
216
-7.63517425084561
217
-7.63517425084561
218
-7.63517425084561
219
-7.63517425084561
220
-7.63517425084561
221
-7.63517425084561
222
-7.63517425084561
223
-7.63517425084561
224
-7.63517425084561
225
-7.63517425084561
226
-7.63517425084561
227
-7.63517425084561
228
-7.63517425084561
229
-7.63517425084561
230
-7.63517425084561
231
-7.63517425084561
232
-7.63517425084561
233
-7.63517425084561
234
-7.63517425084561
235
-7.63517425084561
236
-7.63517425084561
237
-7.63517425084561
238
-7.63517425084561
239
-7.63517425084561
240
-7.63517425084561
241
-7.63517425084561
242
-7.63517425084561
243
-7.63517425084561
244
-7.615928381321961
245
-7.6027354544814125
246
-7.6027354544814125
247
-7.6027354544814125
248
-7.6027354544814125
249
-7.6027354544814125
250
-7.6027354544814125
251
-7.6027354544814125
252
-7.6027354544814125
253
-7.6027354544814125
254
-7.6027354544814125
255
-7.6027354544814125
256
-7.6027354544814125
257
-7.6027354544814125
258
-7.6027354544814125
259
-7.6027354544814125
260
-7.6027354544814125
261
-7.6027354544814125
262
-7.6027354544814125
263
-7.6027354544814125
264
-7.597665251999358
265
-7.597665251999358
266
-7.597665251999358
267
-7.597665251999358
268
-7.597665251999358
269
-7.597665251999358
270
-7.597665251999358
271
-7.597665251999358
272
-7.597665251999358
273
-7.597665251999358
274
-7.597665251999358
275
-7.597665251999358
276
-7.597665251999358
277
-7.597665251999358
278
-7.597665251999358
279
-7.597665251999358
280
-7.597665251999358
281
-7.597665251999358
282
-7.597665251999358
283
-7.597665251999358
284
-7.597665251999358
285
-7.597665251999358
286
-7.597665251999358
287
-7.597665251999358
288
-7.597665251999358
289
-7.597665251999358
290
-7.597665251999358
291
-7.597665251999358
292
-7.597665251999358
293
-7.597665251999358
294
-7.597665251999358
295
-7.597665251999358
296
-7.597665251999358
297
-7.597665251999358
298
-7.597665251999358
299
-7.597665251999358
300
-7.597665251999358
301
-7.597665251999358
302
-7.597665251999358
303
-7.597665251999358
304
-7.597665251999358
305
-7.597665251999358
306
-7.597665251999358
307
-7.597665251999358
308
-7.597665251999358
309
-7.597665251999358
310
-7.597665251999358
311
-7.597665251999358
312
-7.597665251999358
313
-7.597665251999358
314
-7.597665251999358
315
-7.597665251999358
316
-7.587663742153521
317
-7.577218642553056
318
-7.577218642553056
319
-7.577218642553056
320
-7.577218642553056
321
-7.577218642553056
322
-7.577218642553056
323
-7.577218642553056
324
-7.577218642553056
325
-7.577218642553056
326
-7.577218642553056
327
-7.577218642553056
328
-7.577218642553056
329
-7.577218642553056
330
-7.577218642553056
331
-7.577218642553056
332
-7.577218642553056
333
-7.577218642553056
334
-7.577218642553056
335
-7.577218642553056
336
-7.577218642553056
337
-7.577218642553056
338
-7.577218642553056
339
-7.577218642553056
340
-7.577218642553056
341
-7.577218642553056
342
-7.577218642553056
343
-7.577218642553056
344
-7.577218642553056
345
-7.577218642553056
346
-7.577218642553056
347
-7.577218642553056
348
-7.577218642553056
349
-7.577218642553056
350
-7.577218642553056
351
-7.577218642553056
352
-7.577218642553056
353
-7.577218642553056
354
-7.577218642553056
355
-7.577218642553056
356
-7.577218642553056
357
-7.577218642553056
358
-7.577218642553056
359
-7.577218642553056
360
-7.577218642553056
361
-7.577218642553056
362
-7.577218642553056
363
-7.577218642553056
364
-7.577218642553056
365
-7.577218642553056
366
-7.577218642553056
367
-7.577218642553056
368
-7.577218642553056
369
-7.577218642553056
370
-7.577218642553056
371
-7.577218642553056
372
-7.577218642553056
373
-7.577218642553056
374
-7.577218642553056
375
-7.577218642553056
376
-7.577218642553056
377
-7.577218642553056
378
-7.577218642553056
379
-7.577218642553056
380
-7.577218642553056
381
-7.577218642553056
382
-7.577218642553056
383
-7.577218642553056
384
-7.577218642553056
385
-7.577218642553056
386
-7.577218642553056
387
-7.577218642553056
388
-7.577218642553056
389
-7.577218642553056
390
-7.577218642553056
391
-7.577218642553056
392
-7.577218642553056
393
-7.577218642553056
394
-7.577218642553056
395
-7.577218642553056
396
-7.577218642553056
397
-7.577218642553056
398
-7.573458436815664
399
-7.571135123941092
400
-7.571135123941092
401
-7.571135123941092
402
-7.571135123941092
403
-7.571135123941092
404
-7.571135123941092
405
-7.571135123941092
406
-7.571135123941092
407
-7.571135123941092
408
-7.571135123941092
409
-7.571135123941092
410
-7.571135123941092
411
-7.571135123941092
412
-7.571135123941092
413
-7.571135123941092
414
-7.571135123941092
415
-7.571135123941092
416
-7.571135123941092
417
-7.571135123941092
418
-7.571135123941092
419
-7.571135123941092
420
-7.571135123941092
421
-7.571135123941092
422
-7.571135123941092
423
-7.571135123941092
424
-7.571135123941092
425
-7.571135123941092
426
-7.571135123941092
427
-7.571135123941092
428
-7.571135123941092
429
-7.571135123941092
430
-7.571135123941092
431
-7.571135123941092
432
-7.571135123941092
433
-7.571135123941092
434
-7.571135123941092
435
-7.571135123941092
436
-7.571135123941092
437
-7.571135123941092
438
-7.571135123941092
439
-7.571135123941092
440
-7.571135123941092
441
-7.571135123941092
442
-7.571135123941092
443
-7.571135123941092
444
-7.571135123941092
445
-7.571135123941092
446
-7.571135123941092
447
-7.571135123941092
448
-7.571135123941092
449
-7.571135123941092
450
-7.571135123941092
451
-7.571135123941092
452
-7.571135123941092
453
-7.571135123941092
454
-7.571135123941092
455
-7.571135123941092
456
-7.571135123941092
457
-7.571135123941092
458
-7.571135123941092
459
-7.571135123941092
460
-7.571135123941092
461
-7.571135123941092
462
-7.571135123941092
463
-7.571135123941092
464
-7.571135123941092
465
-7.571135123941092
466
-7.571135123941092
467
-7.571135123941092
468
-7.571135123941092
469
-7.571135123941092
470
-7.571135123941092
471
-7.571135123941092
472
-7.571135123941092
473
-7.571135123941092
474
-7.571135123941092
475
-7.571135123941092
476
-7.571135123941092
477
-7.571135123941092
478
-7.571135123941092
479
-7.571135123941092
480
-7.571135123941092
481
-7.571135123941092
482
-7.571135123941092
483
-7.571135123941092
484
-7.571135123941092
485
-7.571135123941092
486
-7.571135123941092
487
-7.571135123941092
488
-7.571135123941092
489
-7.571135123941092
490
-7.571135123941092
491
-7.571135123941092
492
-7.571135123941092
493
-7.571135123941092
494
-7.571135123941092
495
-7.571135123941092
496
-7.571135123941092
497
-7.571135123941092
498
-7.571135123941092
499
-7.571135123941092
500
-7.571135123941092
501
-7.571135123941092
502
-7.571135123941092
503
-7.571135123941092
504
-7.571135123941092
505
-7.571135123941092
506
-7.571135123941092
507
-7.571135123941092
508
-7.571135123941092
509
-7.571135123941092
510
-7.571135123941092
511
-7.571135123941092
512
-7.571135123941092
513
-7.571135123941092
514
-7.571135123941092
515
-7.571135123941092
516
-7.571135123941092
517
-7.571135123941092
518
-7.571135123941092
519
-7.571135123941092
520
-7.571135123941092
521
-7.571135123941092
522
-7.571135123941092
523
-7.571135123941092
524
-7.571135123941092
525
-7.571135123941092
526
-7.571135123941092
527
-7.571135123941092
528
-7.571135123941092
529
-7.571135123941092
530
-7.571135123941092
531
-7.571135123941092
532
-7.571135123941092
533
-7.571135123941092
534
-7.571135123941092
535
-7.571135123941092
536
-7.571135123941092
537
-7.571135123941092
538
-7.571135123941092
539
-7.571135123941092
540
-7.571135123941092
541
-7.571135123941092
542
-7.571135123941092
543
-7.571135123941092
544
-7.571135123941092
545
-7.571135123941092
546
-7.571135123941092
547
-7.571135123941092
548
-7.571135123941092
549
-7.571135123941092
550
-7.571135123941092
551
-7.571135123941092
552
-7.571135123941092
553
-7.571135123941092
554
-7.571135123941092
555
-7.571135123941092
556
-7.571135123941092
557
-7.571135123941092
558
-7.571135123941092
559
-7.571135123941092
560
-7.571135123941092
561
-7.571135123941092
562
-7.571135123941092
563
-7.571135123941092
564
-7.571135123941092
565
-7.571135123941092
566
-7.571135123941092
567
-7.571135123941092
568
-7.571135123941092
569
-7.571135123941092
570
-7.571135123941092
571
-7.571135123941092
572
-7.571135123941092
573
-7.571135123941092
574
-7.571135123941092
575
-7.571135123941092
576
-7.571135123941092
577
-7.571135123941092
578
-7.571135123941092
579
-7.571135123941092
580
-7.571135123941092
581
-7.571135123941092
582
-7.571135123941092
583
-7.571135123941092
584
-7.571135123941092
585
-7.571135123941092
586
-7.571135123941092
587
-7.571135123941092
588
-7.571135123941092
589
-7.571135123941092
590
-7.571135123941092
591
-7.571135123941092
592
-7.571135123941092
593
-7.571135123941092
594
-7.571135123941092
595
-7.571135123941092
596
-7.571135123941092
597
-7.571135123941092
598
-7.571135123941092
599
-7.571135123941092
600
-7.571135123941092
601
-7.571135123941092
602
-7.571135123941092
603
-7.571135123941092
604
-7.571135123941092
605
-7.571135123941092
606
-7.571135123941092
607
-7.571135123941092
608
-7.571135123941092
609
-7.571135123941092
610
-7.571135123941092
611
-7.571135123941092
612
-7.571135123941092
613
-7.571135123941092
614
-7.571135123941092
615
-7.571135123941092
616
-7.571135123941092
617
-7.571135123941092
618
-7.571135123941092
619
-7.571135123941092
620
-7.571135123941092
621
-7.571135123941092
622
-7.571135123941092
623
-7.571135123941092
624
-7.571135123941092
625
-7.571135123941092
626
-7.571135123941092
627
-7.571135123941092
628
-7.571135123941092
629
-7.571135123941092
630
-7.571135123941092
631
-7.571135123941092
632
-7.571135123941092
633
-7.571135123941092
634
-7.571135123941092
635
-7.571135123941092
636
-7.571135123941092
637
-7.571135123941092
638
-7.571135123941092
639
-7.571135123941092
640
-7.571135123941092
641
-7.571135123941092
642
-7.571135123941092
643
-7.571135123941092
644
-7.571135123941092
645
-7.571135123941092
646
-7.571135123941092
647
-7.571135123941092
648
-7.571135123941092
649
-7.571135123941092
650
-7.571135123941092
651
-7.571135123941092
652
-7.571135123941092
653
-7.571135123941092
654
-7.571135123941092
655
-7.571135123941092
656
-7.571135123941092
657
-7.571135123941092
658
-7.571135123941092
659
-7.571135123941092
660
-7.571135123941092
661
-7.571135123941092
662
-7.571135123941092
663
-7.571135123941092
664
-7.571135123941092
665
-7.571135123941092
666
-7.571135123941092
667
-7.571135123941092
668
-7.571135123941092
669
-7.571135123941092
670
-7.571135123941092
671
-7.571135123941092
672
-7.571135123941092
673
-7.571135123941092
674
-7.571135123941092
675
-7.571135123941092
676
-7.571135123941092
677
-7.571135123941092
678
-7.571135123941092
679
-7.571135123941092
680
-7.571135123941092
681
-7.571135123941092
682
-7.571135123941092
683
-7.571135123941092
684
-7.571135123941092
685
-7.571135123941092
686
-7.571135123941092
687
-7.571135123941092
688
-7.571135123941092
689
-7.571135123941092
690
-7.571135123941092
691
-7.571135123941092
692
-7.571135123941092
693
-7.571135123941092
694
-7.571135123941092
695
-7.571135123941092
696
-7.571135123941092
697
-7.571135123941092
698
-7.571135123941092
699
-7.571135123941092
700
-7.571135123941092
701
-7.571135123941092
702
-7.571135123941092
703
-7.571135123941092
704
-7.571135123941092
705
-7.571135123941092
706
-7.571135123941092
707
-7.571135123941092
708
-7.571135123941092
709
-7.571135123941092
710
-7.571135123941092
711
-7.571135123941092
712
-7.571135123941092
713
-7.571135123941092
714
-7.571135123941092
715
-7.571135123941092
716
-7.571135123941092
717
-7.571135123941092
718
-7.571135123941092
719
-73
-7.577218642553056
364
-7.577218642553056
365
-7.577218642553056
366
-7.577218642553056
367
-7.577218642553056
368
-7.577218642553056
369
-7.577218642553056
370
-7.577218642553056
371
-7.577218642553056
372
-7.577218642553056
373
-7.577218642553056
374
-7.577218642553056
375
-7.577218642553056
376
-7.577218642553056
377
-7.577218642553056
378
-7.577218642553056
379
-7.577218642553056
380
-7.577218642553056
381
-7.577218642553056
382
-7.577218642553056
383
-7.577218642553056
384
-7.577218642553056
385
-7.577218642553056
386
-7.577218642553056
387
-7.577218642553056
388
-7.577218642553056
389
-7.577218642553056
390
-7.577218642553056
391
-7.577218642553056
392
-7.577218642553056
393
-7.577218642553056
394
-7.577218642553056
395
-7.577218642553056
396
-7.577218642553056
397
-7.577218642553056
398
-7.573458436815664
399
-7.571135123941092
400
-7.571135123941092
401
-7.571135123941092
402
-7.571135123941092
403
-7.571135123941092
404
-7.571135123941092
405
-7.571135123941092
406
-7.571135123941092
407
-7.571135123941092
408
-7.571135123941092
409
-7.571135123941092
410
-7.571135123941092
411
-7.571135123941092
412
-7.571135123941092
413
-7.571135123941092
414
-7.571135123941092
415
-7.571135123941092
416
-7.571135123941092
417
-7.571135123941092
418
-7.571135123941092
419
-7.571135123941092
420
-7.571135123941092
421
-7.571135123941092
422
-7.571135123941092
423
-7.571135123941092
424
-7.571135123941092
425
-7.571135123941092
426
-7.571135123941092
427
-7.571135123941092
428
-7.571135123941092
429
-7.571135123941092
430
-7.571135123941092
431
-7.571135123941092
432
-7.571135123941092
433
-7.571135123941092
434
-7.571135123941092
435
-7.571135123941092
436
-7.571135123941092
437
-7.571135123941092
438
-7.571135123941092
439
-7.571135123941092
440
-7.571135123941092
441
-7.571135123941092
442
-7.571135123941092
443
-7.571135123941092
444
-7.571135123941092
445
-7.571135123941092
446
-7.571135123941092
447
-7.571135123941092
448
-7.571135123941092
449
-7.571135123941092
450
-7.571135123941092
451
-7.571135123941092
452
-7.571135123941092
453
-7.571135123941092
454
-7.571135123941092
455
-7.571135123941092
456
-7.571135123941092
457
-7.571135123941092
458
-7.571135123941092
459
-7.571135123941092
460
-7.571135123941092
461
-7.571135123941092
462
-7.571135123941092
463
-7.571135123941092
464
-7.571135123941092
465
-7.571135123941092
466
-7.571135123941092
467
-7.571135123941092
468
-7.571135123941092
469
-7.571135123941092
470
-7.571135123941092
471
-7.571135123941092
472
-7.571135123941092
473
-7.571135123941092
474
-7.571135123941092
475
-7.571135123941092
476
-7.571135123941092
477
-7.571135123941092
478
-7.571135123941092
479
-7.571135123941092
480
-7.571135123941092
481
-7.571135123941092
482
-7.571135123941092
483
-7.571135123941092
484
-7.571135123941092
485
-7.571135123941092
486
-7.571135123941092
487
-7.571135123941092
488
-7.571135123941092
489
-7.571135123941092
490
-7.571135123941092
491
-7.571135123941092
492
-7.571135123941092
493
-7.571135123941092
494
-7.571135123941092
495
-7.571135123941092
496
-7.571135123941092
497
-7.571135123941092
498
-7.571135123941092
499
-7.571135123941092
500
-7.571135123941092
501
-7.571135123941092
502
-7.571135123941092
503
-7.571135123941092
504
-7.571135123941092
505
-7.571135123941092
506
-7.571135123941092
507
-7.571135123941092
508
-7.571135123941092
509
-7.571135123941092
510
-7.571135123941092
511
-7.571135123941092
512
-7.571135123941092
513
-7.571135123941092
514
-7.571135123941092
515
-7.571135123941092
516
-7.571135123941092
517
-7.571135123941092
518
-7.571135123941092
519
-7.571135123941092
520
-7.571135123941092
521
-7.571135123941092
522
-7.571135123941092
523
-7.571135123941092
524
-7.571135123941092
525
-7.571135123941092
526
-7.571135123941092
527
-7.571135123941092
528
-7.571135123941092
529
-7.571135123941092
530
-7.571135123941092
531
-7.571135123941092
532
-7.571135123941092
533
-7.571135123941092
534
-7.571135123941092
535
-7.571135123941092
536
-7.571135123941092
537
-7.571135123941092
538
-7.571135123941092
539
-7.571135123941092
540
-7.571135123941092
541
-7.571135123941092
542
-7.571135123941092
543
-7.571135123941092
544
-7.571135123941092
545
-7.571135123941092
546
-7.571135123941092
547
-7.571135123941092
548
-7.571135123941092
549
-7.571135123941092
550
-7.571135123941092
551
-7.571135123941092
552
-7.571135123941092
553
-7.571135123941092
554
-7.571135123941092
555
-7.571135123941092
556
-7.571135123941092
557
-7.571135123941092
558
-7.571135123941092
559
-7.571135123941092
560
-7.571135123941092
561
-7.571135123941092
562
-7.571135123941092
563
-7.571135123941092
564
-7.571135123941092
565
-7.571135123941092
566
-7.571135123941092
567
-7.571135123941092
568
-7.571135123941092
569
-7.571135123941092
570
-7.571135123941092
571
-7.571135123941092
572
-7.571135123941092
573
-7.571135123941092
574
-7.571135123941092
575
-7.571135123941092
576
-7.571135123941092
577
-7.571135123941092
578
-7.571135123941092
579
-7.571135123941092
580
-7.571135123941092
581
-7.571135123941092
582
-7.571135123941092
583
-7.571135123941092
584
-7.571135123941092
585
-7.571135123941092
586
-7.571135123941092
587
-7.571135123941092
588
-7.571135123941092
589
-7.571135123941092
590
-7.571135123941092
591
-7.571135123941092
592
-7.571135123941092
593
-7.571135123941092
594
-7.571135123941092
595
-7.571135123941092
596
-7.571135123941092
597
-7.571135123941092
598
-7.571135123941092
599
-7.571135123941092
600
-7.571135123941092
601
-7.571135123941092
602
-7.571135123941092
603
-7.571135123941092
604
-7.571135123941092
605
-7.571135123941092
606
-7.571135123941092
607
-7.571135123941092
608
-7.571135123941092
609
-7.571135123941092
610
-7.571135123941092
611
-7.571135123941092
612
-7.571135123941092
613
-7.571135123941092
614
-7.571135123941092
615
-7.571135123941092
616
-7.571135123941092
617
-7.571135123941092
618
-7.571135123941092
619
-7.571135123941092
620
-7.571135123941092
621
-7.571135123941092
622
-7.571135123941092
623
-7.571135123941092
624
-7.571135123941092
625
-7.571135123941092
626
-7.571135123941092
627
-7.571135123941092
628
-7.571135123941092
629
-7.571135123941092
630
-7.571135123941092
631
-7.571135123941092
632
-7.571135123941092
633
-7.571135123941092
634
-7.571135123941092
635
-7.571135123941092
636
-7.571135123941092
637
-7.571135123941092
638
-7.571135123941092
639
-7.571135123941092
640
-7.571135123941092
641
-7.571135123941092
642
-7.571135123941092
643
-7.571135123941092
644
-7.571135123941092
645
-7.571135123941092
646
-7.571135123941092
647
-7.571135123941092
648
-7.571135123941092
649
-7.571135123941092
650
-7.571135123941092
651
-7.571135123941092
652
-7.571135123941092
653
-7.571135123941092
654
-7.571135123941092
655
-7.571135123941092
656
-7.571135123941092
657
-7.571135123941092
658
-7.571135123941092
659
-7.571135123941092
660
-7.571135123941092
661
-7.571135123941092
662
-7.571135123941092
663
-7.571135123941092
664
-7.571135123941092
665
-7.571135123941092
666
-7.571135123941092
667
-7.571135123941092
668
-7.571135123941092
669
-7.571135123941092
670
-7.571135123941092
671
-7.571135123941092
672
-7.571135123941092
673
-7.571135123941092
674
-7.571135123941092
675
-7.571135123941092
676
-7.571135123941092
677
-7.571135123941092
678
-7.571135123941092
679
-7.571135123941092
680
-7.571135123941092
681
-7.571135123941092
682
-7.571135123941092
683
-7.571135123941092
684
-7.571135123941092
685
-7.571135123941092
686
-7.571135123941092
687
-7.571135123941092
688
-7.571135123941092
689
-7.571135123941092
690
-7.571135123941092
691
-7.571135123941092
692
-7.571135123941092
693
-7.571135123941092
694
-7.571135123941092
695
-7.571135123941092
696
-7.571135123941092
697
-7.571135123941092
698
-7.571135123941092
699
-7.571135123941092
700
-7.571135123941092
701
-7.571135123941092
702
-7.571135123941092
703
-7.571135123941092
704
-7.571135123941092
705
-7.571135123941092
706
-7.571135123941092
707
-7.571135123941092
708
-7.571135123941092
709
-7.571135123941092
710
-7.571135123941092
711
-7.571135123941092
712
-7.571135123941092
713
-7.571135123941092
714
-7.571135123941092
715
-7.571135123941092
716
-7.571135123941092
717
-7.571135123941092
718
-7.571135123941092
719
-7