-29.45598244255091
1
-29.45598244255091
2
-12.236547550549796
3
-12.236547550549796
4
-12.236547550549796
5
-12.236547550549796
6
-12.236547550549796
7
-9.934674481405136
8
-9.934674481405136
9
-9.934674481405136
10
-9.934674481405136
11
-9.934674481405136
12
-9.934674481405136
13
-9.934674481405136
14
-9.934674481405136
15
-6.79611527218779
16
-6.197104539053645
17
-5.953873766612345
18
-5.953873766612345
19
-5.953873766612345
20
-5.953873766612345
21
-5.953873766612345
22
-5.953873766612345
23
-5.953873766612345
24
-5.953873766612345
25
-5.953873766612345
26
-5.953873766612345
27
-5.953873766612345
28
-5.953873766612345
29
-5.953873766612345
30
-5.953873766612345
31
-5.953873766612345
32
-5.953873766612345
33
-5.953873766612345
34
-5.953873766612345
35
-5.953873766612345
36
-5.953873766612345
37
-5.953873766612345
38
-5.953873766612345
39
-5.953873766612345
40
-5.953873766612345
41
-5.953873766612345
42
-5.953873766612345
43
-5.953873766612345
44
-5.953873766612345
45
-5.953873766612345
46
-5.953873766612345
47
-5.953873766612345
48
-5.953873766612345
49
-5.953873766612345
50
-5.953873766612345
51
-5.953873766612345
52
-5.953873766612345
53
-5.953873766612345
54
-5.953873766612345
55
-5.817432271998689
56
-5.817432271998689
57
-5.817432271998689
58
-5.817432271998689
59
-5.817432271998689
60
-5.817432271998689
61
-5.817432271998689
62
-5.817432271998689
63
-5.817432271998689
64
-5.817432271998689
65
-5.817432271998689
66
-5.817432271998689
67
-5.725272724509472
68
-5.711256600533208
69
-5.711256600533208
70
-5.628808606214523
71
-5.628808606214523
72
-5.628808606214523
73
-5.628808606214523
74
-5.628808606214523
75
-5.628808606214523
76
-5.628808606214523
77
-5.628808606214523
78
-5.628808606214523
79
-5.2668132478389715
80
-5.212729461134937
81
-5.162054325691339
82
-5.162054325691339
83
-5.162054325691339
84
-5.162054325691339
85
-5.162054325691339
86
-5.162054325691339
87
-5.03849023669927
88
-4.906083209557464
89
-4.805024208630731
90
-4.755244350219121
91
-4.755244350219121
92
-4.7242672271167
93
-4.7242672271167
94
-4.7242672271167
95
-4.7242672271167
96
-4.7242672271167
97
-4.7242672271167
98
-4.7242672271167
99
-4.7242672271167
100
-4.7242672271167
101
-4.7242672271167
102
-4.7242672271167
103
-4.526245512120759
104
-4.526245512120759
105
-4.526245512120759
106
-4.526245512120759
107
-4.526245512120759
108
-4.526245512120759
109
-4.526245512120759
110
-4.526245512120759
111
-4.526245512120759
112
-4.526245512120759
113
-4.526245512120759
114
-4.526245512120759
115
-4.526245512120759
116
-4.526245512120759
117
-4.526245512120759
118
-4.526245512120759
119
-4.526245512120759
120
-4.526245512120759
121
-4.526245512120759
122
-4.526245512120759
123
-4.526245512120759
124
-4.526245512120759
125
-4.43930455720087
126
-4.363286969809709
127
-4.363286969809709
128
-4.363286969809709
129
-4.363286969809709
130
-4.363286969809709
131
-4.363286969809709
132
-4.363286969809709
133
-4.363286969809709
134
-4.363286969809709
135
-4.363286969809709
136
-4.363286969809709
137
-4.363286969809709
138
-4.363286969809709
139
-4.363286969809709
140
-4.321297242970664
141
-4.321297242970664
142
-4.321297242970664
143
-4.321297242970664
144
-4.321297242970664
145
-4.321297242970664
146
-4.321297242970664
147
-4.321297242970664
148
-4.321297242970664
149
-4.226748545780258
150
-4.150299330679173
151
-4.150299330679173
152
-4.150299330679173
153
-4.150299330679173
154
-4.150299330679173
155
-4.150299330679173
156
-4.150299330679173
157
-4.150299330679173
158
-4.150299330679173
159
-4.150299330679173
160
-4.150299330679173
161
-4.150299330679173
162
-4.150299330679173
163
-4.150299330679173
164
-4.150299330679173
165
-4.150299330679173
166
-4.150299330679173
167
-4.150299330679173
168
-4.150299330679173
169
-4.150299330679173
170
-4.150299330679173
171
-4.150299330679173
172
-4.150299330679173
173
-4.150299330679173
174
-4.150299330679173
175
-4.150299330679173
176
-4.150299330679173
177
-4.150299330679173
178
-4.150299330679173
179
-4.150299330679173
180
-4.150299330679173
181
-4.150299330679173
182
-4.150299330679173
183
-4.150299330679173
184
-4.150299330679173
185
-4.150299330679173
186
-4.150299330679173
187
-4.150299330679173
188
-4.150299330679173
189
-4.150299330679173
190
-4.150299330679173
191
-4.150299330679173
192
-4.150299330679173
193
-4.150299330679173
194
-4.150299330679173
195
-4.150299330679173
196
-4.150299330679173
197
-4.0993063666352425
198
-4.0993063666352425
199
-4.0993063666352425
200
-4.0993063666352425
201
-4.0993063666352425
202
-4.0993063666352425
203
-4.0993063666352425
204
-4.0993063666352425
205
-4.0629358566621185
206
-3.966461959405698
207
-3.966461959405698
208
-3.966461959405698
209
-3.966461959405698
210
-3.966461959405698
211
-3.966461959405698
212
-3.966461959405698
213
-3.966461959405698
214
-3.966461959405698
215
-3.966461959405698
216
-3.966461959405698
217
-3.966461959405698
218
-3.966461959405698
219
-3.966461959405698
220
-3.966461959405698
221
-3.966461959405698
222
-3.966461959405698
223
-3.966461959405698
224
-3.966461959405698
225
-3.966461959405698
226
-3.966461959405698
227
-3.966461959405698
228
-3.966461959405698
229
-3.966461959405698
230
-3.966461959405698
231
-3.966461959405698
232
-3.966461959405698
233
-3.966461959405698
234
-3.966461959405698
235
-3.966461959405698
236
-3.966461959405698
237
-3.966461959405698
238
-3.966461959405698
239
-3.966461959405698
240
-3.966461959405698
241
-3.966461959405698
242
-3.9373796926197833
243
-3.9373796926197833
244
-3.9373796926197833
245
-3.9373796926197833
246
-3.9373796926197833
247
-3.9373796926197833
248
-3.9373796926197833
249
-3.8273533408949842
250
-3.8273533408949842
251
-3.8273533408949842
252
-3.8273533408949842
253
-3.8273533408949842
254
-3.8273533408949842
255
-3.8273533408949842
256
-3.8273533408949842
257
-3.8273533408949842
258
-3.8273533408949842
259
-3.8273533408949842
260
-3.8273533408949842
261
-3.8273533408949842
262
-3.8273533408949842
263
-3.8273533408949842
264
-3.8273533408949842
265
-3.8273533408949842
266
-3.8273533408949842
267
-3.8273533408949842
268
-3.8273533408949842
269
-3.8273533408949842
270
-3.8273533408949842
271
-3.8273533408949842
272
-3.8273533408949842
273
-3.8273533408949842
274
-3.8273533408949842
275
-3.8273533408949842
276
-3.8273533408949842
277
-3.8273533408949842
278
-3.8273533408949842
279
-3.8273533408949842
280
-3.8273533408949842
281
-3.8273533408949842
282
-3.8273533408949842
283
-3.8273533408949842
284
-3.8273533408949842
285
-3.8273533408949842
286
-3.809407041187116
287
-3.809407041187116
288
-3.809407041187116
289
-3.809407041187116
290
-3.809407041187116
291
-3.809407041187116
292
-3.809407041187116
293
-3.809407041187116
294
-3.809407041187116
295
-3.766084249905522
296
-3.766084249905522
297
-3.7546893267497485
298
-3.7546893267497485
299
-3.7546893267497485
300
-3.7546893267497485
301
-3.7546893267497485
302
-3.7546893267497485
303
-3.7546893267497485
304
-3.7546893267497485
305
-3.7546893267497485
306
-3.7546893267497485
307
-3.7546893267497485
308
-3.7546893267497485
309
-3.7546893267497485
310
-3.7546893267497485
311
-3.7546893267497485
312
-3.7546893267497485
313
-3.7546893267497485
314
-3.7546893267497485
315
-3.7546893267497485
316
-3.7546893267497485
317
-3.7546893267497485
318
-3.7546893267497485
319
-3.7546893267497485
320
-3.7546893267497485
321
-3.7546893267497485
322
-3.7546893267497485
323
-3.7546893267497485
324
-3.7546893267497485
325
-3.7546893267497485
326
-3.7546893267497485
327
-3.7546893267497485
328
-3.7546893267497485
329
-3.735769413924283
330
-3.735769413924283
331
-3.735769413924283
332
-3.735769413924283
333
-3.735769413924283
334
-3.735769413924283
335
-3.735769413924283
336
-3.735769413924283
337
-3.735769413924283
338
-3.735769413924283
339
-3.735769413924283
340
-3.735769413924283
341
-3.735769413924283
342
-3.735769413924283
343
-3.735769413924283
344
-3.735769413924283
345
-3.735769413924283
346
-3.735769413924283
347
-3.735769413924283
348
-3.6969577358767713
349
-3.6969577358767713
350
-3.6969577358767713
351
-3.6969577358767713
352
-3.6969577358767713
353
-3.6969577358767713
354
-3.6969577358767713
355
-3.6368715564990555
356
-3.617213005014943
357
-3.617213005014943
358
-3.617213005014943
359
-3.617213005014943
360
-3.617213005014943
361
-3.617213005014943
362
-3.617213005014943
363
-3.617213005014943
364
-3.617213005014943
365
-3.617213005014943
366
-3.617213005014943
367
-3.617213005014943
368
-3.617213005014943
369
-3.617213005014943
370
-3.617213005014943
371
-3.6024026686109147
372
-3.6024026686109147
373
-3.6024026686109147
374
-3.6024026686109147
375
-3.6024026686109147
376
-3.6024026686109147
377
-3.6024026686109147
378
-3.6024026686109147
379
-3.6024026686109147
380
-3.6024026686109147
381
-3.6024026686109147
382
-3.6024026686109147
383
-3.6024026686109147
384
-3.6024026686109147
385
-3.6024026686109147
386
-3.6024026686109147
387
-3.6024026686109147
388
-3.6024026686109147
389
-3.6024026686109147
390
-3.573920951531444
391
-3.573920951531444
392
-3.573920951531444
393
-3.573920951531444
394
-3.573920951531444
395
-3.573920951531444
396
-3.573920951531444
397
-3.573920951531444
398
-3.573920951531444
399
-3.573920951531444
400
-3.573920951531444
401
-3.573920951531444
402
-3.573920951531444
403
-3.573920951531444
404
-3.5581158964256927
405
-3.5581158964256927
406
-3.5581158964256927
407
-3.5581158964256927
408
-3.5581158964256927
409
-3.5581158964256927
410
-3.470280765727383
411
-3.470280765727383
412
-3.470280765727383
413
-3.470280765727383
414
-3.470280765727383
415
-3.470280765727383
416
-3.470280765727383
417
-3.470280765727383
418
-3.470280765727383
419
-3.470280765727383
420
-3.470280765727383
421
-3.470280765727383
422
-3.470280765727383
423
-3.470280765727383
424
-3.470280765727383
425
-3.470280765727383
426
-3.470280765727383
427
-3.470280765727383
428
-3.470280765727383
429
-3.470280765727383
430
-3.470280765727383
431
-3.470280765727383
432
-3.470280765727383
433
-3.470280765727383
434
-3.470280765727383
435
-3.470280765727383
436
-3.470280765727383
437
-3.470280765727383
438
-3.470280765727383
439
-3.470280765727383
440
-3.470280765727383
441
-3.470280765727383
442
-3.470280765727383
443
-3.470280765727383
444
-3.470280765727383
445
-3.470280765727383
446
-3.470280765727383
447
-3.470280765727383
448
-3.470280765727383
449
-3.470280765727383
450
-3.470280765727383
451
-3.4553142592071975
452
-3.4553142592071975
453
-3.4553142592071975
454
-3.4553142592071975
455
-3.4553142592071975
456
-3.4553142592071975
457
-3.4553142592071975
458
-3.4553142592071975
459
-3.4553142592071975
460
-3.4553142592071975
461
-3.4553142592071975
462
-3.4553142592071975
463
-3.4553142592071975
464
-3.4553142592071975
465
-3.4553142592071975
466
-3.4553142592071975
467
-3.4553142592071975
468
-3.4553142592071975
469
-3.4553142592071975
470
-3.4553142592071975
471
-3.4553142592071975
472
-3.4553142592071975
473
-3.4553142592071975
474
-3.4553142592071975
475
-3.4553142592071975
476
-3.4553142592071975
477
-3.4553142592071975
478
-3.4553142592071975
479
-3.4553142592071975
480
-3.4553142592071975
481
-3.4553142592071975
482
-3.4553142592071975
483
-3.4553142592071975
484
-3.4553142592071975
485
-3.4553142592071975
486
-3.4553142592071975
487
-3.4553142592071975
488
-3.4553142592071975
489
-3.4553142592071975
490
-3.4355177058676367
491
-3.4355177058676367
492
-3.4355177058676367
493
-3.4355177058676367
494
-3.4355177058676367
495
-3.4355177058676367
496
-3.4355177058676367
497
-3.4355177058676367
498
-3.4355177058676367
499
-3.4355177058676367
500
-3.4355177058676367
501
-3.4355177058676367
502
-3.4355177058676367
503
-3.4355177058676367
504
-3.4355177058676367
505
-3.4355177058676367
506
-3.4355177058676367
507
-3.4355177058676367
508
-3.4355177058676367
509
-3.4355177058676367
510
-3.4355177058676367
511
-3.4355177058676367
512
-3.4355177058676367
513
-3.4355177058676367
514
-3.4355177058676367
515
-3.4355177058676367
516
-3.4355177058676367
517
-3.4355177058676367
518
-3.4355177058676367
519
-3.4355177058676367
520
-3.4355177058676367
521
-3.4355177058676367
522
-3.4355177058676367
523
-3.4355177058676367
524
-3.4355177058676367
525
-3.4355177058676367
526
-3.4355177058676367
527
-3.4355177058676367
528
-3.415218711022762
529
-3.415218711022762
530
-3.415218711022762
531
-3.415218711022762
532
-3.415218711022762
533
-3.415218711022762
534
-3.415218711022762
535
-3.415218711022762
536
-3.415218711022762
537
-3.415218711022762
538
-3.415218711022762
539
-3.415218711022762
540
-3.415218711022762
541
-3.415218711022762
542
-3.415218711022762
543
-3.415218711022762
544
-3.415218711022762
545
-3.415218711022762
546
-3.415218711022762
547
-3.415218711022762
548
-3.415218711022762
549
-3.415218711022762
550
-3.415218711022762
551
-3.415218711022762
552
-3.415218711022762
553
-3.415218711022762
554
-3.415218711022762
555
-3.415218711022762
556
-3.415218711022762
557
-3.415218711022762
558
-3.415218711022762
559
-3.415218711022762
560
-3.415218711022762
561
-3.415218711022762
562
-3.415218711022762
563
-3.415218711022762
564
-3.415218711022762
565
-3.415218711022762
566
-3.415218711022762
567
-3.415218711022762
568
-3.415218711022762
569
-3.415218711022762
570
-3.415218711022762
571
-3.415218711022762
572
-3.415218711022762
573
-3.415218711022762
574
-3.415218711022762
575
-3.415218711022762
576
-3.415218711022762
577
-3.415218711022762
578
-3.415218711022762
579
-3.415218711022762
580
-3.415218711022762
581
-3.415218711022762
582
-3.415218711022762
583
-3.415218711022762
584
-3.415218711022762
585
-3.415218711022762
586
-3.415218711022762
587
-3.415218711022762
588
-3.415218711022762
589
-3.415218711022762
590
-3.415218711022762
591
-3.415218711022762
592
-3.415218711022762
593
-3.415218711022762
594
-3.4017855834195814
595
-3.4017855834195814
596
-3.4017855834195814
597
-3.4017855834195814
598
-3.4017855834195814
599
-3.4017855834195814
600
-3.4017855834195814
601
-3.4017855834195814
602
-3.4017855834195814
603
-3.4017855834195814
604
-3.4017855834195814
605
-3.4017855834195814
606
-3.4017855834195814
607
-3.4017855834195814
608
-3.4017855834195814
609
-3.4017855834195814
610
-3.4017855834195814
611
-3.4017855834195814
612
-3.4017855834195814
613
-3.4017855834195814
614
-3.4017855834195814
615
-3.4017855834195814
616
-3.4017855834195814
617
-3.4017855834195814
618
-3.4017855834195814
619
-3.4017855834195814
620
-3.4017855834195814
621
-3.4017855834195814
622
-3.4017855834195814
623
-3.4017855834195814
624
-3.4017855834195814
625
-3.4017855834195814
626
-3.4017855834195814
627
-3.4017855834195814
628
-3.4017855834195814
629
-3.4017855834195814
630
-3.4017855834195814
631
-3.4017855834195814
632
-3.4017855834195814
633
-3.4017855834195814
634
-3.4017855834195814
635
-3.4017855834195814
636
-3.4017855834195814
637
-3.4017855834195814
638
-3.4017855834195814
639
-3.4017855834195814
640
-3.4017855834195814
641
-3.4017855834195814
642
-3.4017855834195814
643
-3.4017855834195814
644
-3.4017855834195814
645
-3.4017855834195814
646
-3.4017855834195814
647
-3.4017855834195814
648
-3.4017855834195814
649
-3.4017855834195814
650
-3.4017855834195814
651
-3.4017855834195814
652
-3.4017855834195814
653
-3.389137891687345
654
-3.389137891687345
655
-3.389137891687345
656
-3.389137891687345
657
-3.389137891687345
658
-3.389137891687345
659
-3.389137891687345
660
-3.389137891687345
661
-3.389137891687345
662
-3.389137891687345
663
-3.389137891687345
664
-3.389137891687345
665
-3.389137891687345
666
-3.389137891687345
667
-3.389137891687345
668
-3.389137891687345
669
-3.389137891687345
670
-3.389137891687345
671
-3.389137891687345
672
-3.389137891687345
673
-3.389137891687345
674
-3.389137891687345
675
-3.389137891687345
676
-3.389137891687345
677
-3.389137891687345
678
-3.389137891687345
679
-3.389137891687345
680
-3.389137891687345
681
-3.389137891687345
682
-3.389137891687345
683
-3.389137891687345
684
-3.389137891687345
685
-3.389137891687345
686
-3.389137891687345
687
-3.389137891687345
688
-3.389137891687345
689
-3.389137891687345
690
-3.389137891687345
691
-3.389137891687345
692
-3.389137891687345
693
-3.389137891687345
694
-3.389137891687345
695
-3.389137891687345
696
-3.389137891687345
697
-3.389137891687345
698
-3.389137891687345
699
-3.389137891687345
700
-3.389137891687345
701
-3.389137891687345
702
-3.389137891687345
703
-3.389137891687345
704
-3.389137891687345
705
-3.389137891687345
706
-3.389137891687345
4.591832283145498
7.0
4.592226419623465
7.0
4.645829130059148
6.995803
4.395583200034944
6.987418
4.636142767385319
6.974864
4.384308609835172
6.958164
4.388195319898027
6.937352
4.315789675800162
6.9124675
4.338859477114772
6.883557
4.3168937205384506
6.8506737
4.284732967204333
6.813879
4.57057331478895
6.6807275
4.636372209374674
6.5738015
4.536538570354024
6.5151653
4.543962641557524
6.319802
4.545167240062726
6.1744747
4.754388788785184
6.097645
4.7519360680435625
6.018204
4.651900556052093
5.9362836
4.648616126348154
5.8520145
4.56858169923794
5.7655315
4.584640845992754
5.676971
4.5697988131187905
5.4941683
4.627416038831876
5.4002047
4.62883193863392
5.3047194
4.62883193863392
5.2078533
4.672856759786362
5.1097465
4.675463949438005
5.010538
4.670232955169995
4.9103665
4.727264362783818
4.8093696
4.47986888145767
4.7076836
4.442356143444427
4.50278
4.594468267573499
4.399824
4.51534050340985
4.1935415
4.491878593059586
4.0904617
4.648375061058856
3.9875822
4.670648169639643
3.8850179
4.673873206173324
3.7828803
4.841565753669879
3.5803118
4.841565753669879
3.4800854
4.826258464681824
3.380693
4.739222301837852
3.2822263
4.715374256999119
3.0884137
4.498298812134577
2.993229
4.5016240627986885
2.8992918
4.299045314704927
2.8066716
4.289587193951189
2.7154331
4.179557644003767
2.6256366
4.225771905653097
2.4505863
4.223652354282167
2.2819128
3.948419346645405
2.2000701
3.6503008752317134
2.1199367
3.6305117003379346
2.0415413
3.6273721476624132
1.7457908
3.6305117003379346
1.6763884
3.6337381290968622
1.6088179
3.6314771825300185
1.5430826
3.652777195823177
1.2418112
3.7003688907440146
1.1339061
3.697045255470077
1.033007
3.6845669805129835
0.93893415
3.6289539087689406
0.8943933
3.627778178038503
0.8101606
3.6261170150258835
0.77040756
3.614291727245791
0.6263865
3.5671698297244587
0.5939565
3.5671698296824133
0.5628852
3.566827049337251
0.53313625
3.532965508943627
0.4774576
3.437386592963414
0.45145386
3.3974915730415174
0.24996237
3.4049536319653915
0.23488288
3.407156906522798
0.22058873
3.4073759146707805
0.12223013
3.3840695085045085
0.11414842
3.3834733491938986
0.086338595
3.3790896700925597
0.08040473
3.367324506110943
0.06472266
3.353300955852433
0.048087545
3.3483148255391177
0.035411336
3.342949397539289
0.03028656
3.3368085934830503
0.012321102
3.3360903404757614
0.009529883
3.3060496830196793
0.006142891
3.077323460618896
0.0029569378
3.0714315175217313
0.002692041
3.0708218604695054
0.0018393702
3.0708218604695054
8.365523E-4
3.0674879084545443
5.0230924E-4
3.0618019246805703
1.7390784E-4
3.0490033277398454
1.3975908E-4
14.248708345122978
7.0
14.248990175341623
7.0
14.668673287974459
6.995803
14.669502919620271
6.987418
14.700367816232657
6.974864
14.878151249277272
6.958164
14.935331920366211
6.937352
4.33533266166027
6.9124675
4.13225277221387
6.883557
4.024967645090965
6.8506737
4.0094297208040235
6.813879
3.9563740276784625
6.773239
3.9993075417289754
6.728829
4.026716881549646
6.6807275
4.029484076066049
6.5738015
4.005400446378257
6.5151653
3.300833300268733
6.453214
2.8415237100869972
6.388056
2.8188284206842007
6.319802
2.9323011988698293
6.248568
2.9322588781231684
6.1744747
2.8444171435738546
6.097645
2.8433593569534468
6.018204
2.838188337094738
5.9362836
2.8188497672655473
5.8520145
2.7685856141758274
5.7655315
2.7858732264121766
5.676971
2.7716329974406513
5.4941683
2.8063298193312356
5.4002047
2.665517228401906
5.3047194
2.5860916447597315
5.2078533
2.600005874308507
5.1097465
2.6102593231938616
4.9103665
2.58438604422391
4.8093696
2.5985602390843456
4.7076836
2.2638766840304094
4.605443
2.1605381297585935
4.1935415
2.2070175513944696
3.9875822
2.1580270087421196
3.8850179
2.393648566374618
3.7828803
2.5975976945058497
3.6812768
2.5952685124817605
3.5803118
2.5952685124817605
3.4800854
2.610805694128631
3.1847725
2.610805694128631
2.8992918
2.7330360431032146
2.8066716
2.7250994606726606
2.6256366
2.3239762363318306
2.4505863
2.3458573971684222
2.3654308
2.3381855043998168
2.2000701
2.3386046693702673
2.0415413
2.3643314340492085
1.9649098
2.2939525068179596
1.8170191
2.2939525068179596
1.7457908
2.2607192213914145
1.6088179
2.022185369541391
1.5430826
2.002238536869986
1.4171124
1.9891012705820126
1.2984378
1.9799458562086938
1.2418112
1.983481012117339
1.186973
2.04056746341389
1.1339061
2.019481731922163
1.0825913
2.0336372672242344
0.9851298
1.8970316271243504
0.93893415
1.8956878145823892
0.8943933
1.884904104433331
0.85147876
1.8768539818561036
0.7321874
1.8706158968943742
0.6602114
1.8654762362205655
0.5046727
1.8629067320643768
0.45145386
1.861924921577299
0.40293193
1.8236049453528702
0.38033977
1.8193757912718116
0.3588111
1.8213656721392175
0.30024394
1.8213656721392175
0.19422871
1.823185349144272
0.1821008
1.82112961155226
0.13081068
1.82112961155226
0.08040473
1.8199883230460938
0.07483687
1.80819240898282
0.06472266
1.7986505344988737
0.025846047
1.7848116453966079
0.023856422
1.7685415376876743
0.0056171278
1.7685415376876743
0.0020247789
1.7183494393016163
0.0016700292
1.7183494393016163
5.0230924E-4
1.709386387697684
1.7390784E-4
1.6869188821297216
1.5594318E-4
3.0409478493008937
7.0
3.09514462006377
7.0
3.1327632052798196
6.987418
3.341445616143389
6.974864
3.6215684174696525
6.937352
3.3349113243983135
6.883557
3.410177056144789
6.8506737
3.340607500297243
6.813879
2.9519346822360633
6.728829
2.9545015474960934
6.6807275
3.2297514834629326
6.629021
3.2470332031094893
6.5738015
3.2447860949705802
6.453214
3.23943926025383
6.388056
3.0905446640576613
6.319802
2.848198488313079
6.018204
2.846497427223272
5.9362836
2.603651460318858
5.8520145
2.6468143629478997
5.7655315
2.9483754863761384
5.5864706
2.551745210733392
5.4941683
2.507390890979231
5.2078533
2.5171211877997357
5.010538
2.475495059603452
4.7076836
2.472568260595049
4.399824
2.39846662006566
4.296703
2.675031769429491
3.7828803
2.398817576519638
3.6812768
2.5493888975910197
3.5803118
2.574228614421675
3.1847725
2.59604302668798
2.6256366
2.5813710583981515
2.4505863
2.36987295628003
2.3654308
2.3698131251581653
2.0415413
2.3578408837115448
1.6088179
2.366404335629185
1.4791819
2.3659874887780856
1.2418112
2.3332105296305476
0.8101606
2.3270011664367543
0.6954667
2.344354802890441
0.4774576
2.3394171978940084
0.40293193
2.344893359012456
0.38033977
2.349060649453576
0.33830953
2.3249576750288683
0.24996237
2.3269678324460874
0.19422871
2.2686053046214343
0.1399151
2.26561045553744
0.13081068
2.231085640128371
0.048087545
2.2175254584296535
0.038258407
2.21738471106969
0.009529883
2.1899188901268123
0.008007883
2.1724871366596075
0.00356165
2.170477361815709
3.6748292E-4
