--Tested on set 3months_100aggregate
i< 1392 lags, featureNumber 4, chosenLags 75, bestFirst with linear regression , ridge 1e-6 as wrapper, lag interval 48
end result: 4.690335878683766
--Same config as above except featureNo. is 8 and lag interval 96
end result:5.506078958720021
--Same config as above except featureNo. is 2 and lag interval 24
end result:4.714958292394347
Lags: 1313, 1312, 1310, 1309, 1311, 1314, 1308, 1307, 1217, 1121, 1118, 1117, 1216, 1214, 1122, 1120, 1116, 1215, 1213, 1119, 1218, 1212, 1115, 1211, 929, 926, 928, 925, 924, 927, 1025, 1022, 1021, 930, 923, 1024, 1020, 1023, 1026, 1019, 830, 829, 833, 832, 828, 834, 831, 827, 737, 736, 734, 733, 735, 738, 732, 739, 641, 640, 638, 639, 637, 642, 636, 643, 545, 542, 544, 541, 540, 543, 546, 539, 256, 255, 253
Time taken: 2223.104
--Same config as above except featureNo. is 3 and lag interval 36
end result:5.470396814326784
Lags: 757, 792, 791, 937, 938, 972, 1368, 1333, 1367, 1081, 649, 1116, 684, 1082, 650, 865, 900, 899, 1261, 1262, 1260, 1296, 1259, 577, 1258, 1224, 578, 612, 1223, 1369, 1153, 1222, 1188, 1370, 1371, 1154, 1044, 1043, 1152, 1042, 1151, 1150, 576, 575, 973, 541, 974, 505, 1045, 975, 1332, 506, 1046, 1080, 864, 1331, 540, 1330, 863, 361, 862, 396, 936, 394, 648, 935, 647, 934, 646, 685, 793, 469, 828, 794, 686
Time taken: 2197.616

