1008, 1007, 961, 1005, 816, 815, 769, 814, 912, 1248, 865, 1057, 911, 909, 1247, 1246, 1058, 1245, 1103, 1104, 1345, 673, 720, 719, 1392, 1346, 717, 1347, 1056, 1152, 1055, 1344, 1054, 1053, 1151, 577, 1200, 672, 1343, 1153, 1249, 1150, 671, 1149, 1199, 1342, 1341, 1154, 670, 669, 578, 1250, 624, 623, 1251, 1252, 960, 959, 768, 767, 958, 957, 766, 765, 864, 863, 576, 575, 862, 861, 574, 573, 480, 481, 385
Time taken: 1486.08
1409, 1408, 1406, 1407, 1405, 1313, 1410, 1404, 1312, 1310, 1309, 1311, 1314, 1308, 1411, 1307, 1217, 1121, 1118, 1117, 1216, 1214, 1122, 1120, 1116, 1215, 1213, 1119, 1218, 1212, 1115, 1211, 929, 926, 928, 925, 924, 927, 1025, 1022, 1021, 930, 923, 1024, 1020, 1023, 1026, 1019, 830, 829, 833, 832, 828, 834, 831, 827, 737, 736, 734, 733, 735, 738, 732, 739, 641, 640, 638, 639, 637, 642, 636, 643, 545, 542, 544
Time taken: 2201.14
961, 963, 769, 770, 888, 865, 1345, 1368, 960, 939, 1081, 1082, 747, 759, 673, 675, 1273, 1274, 577, 578, 576, 563, 1249, 1272, 1369, 1370, 1248, 1320, 1153, 1247, 1154, 1319, 864, 672, 863, 671, 1224, 1032, 1177, 1223, 1178, 1031, 1344, 1056, 1343, 985, 385, 1128, 1033, 986, 408, 1127, 1152, 1151, 1057, 1058, 505, 506, 936, 935, 697, 698, 889, 384, 890, 383, 481, 840, 839, 482, 648, 744, 601, 793, 647
Time taken: 1589.676
Time taken: 912.175
1008, 1007, 961, 1005, 816, 815, 769, 814, 912, 1248, 865, 1057, 911, 909, 1247, 1246, 1058, 1245, 1103, 1104, 1345, 673, 720, 719, 1392, 1346, 717, 1347, 1056, 1152, 1055, 1344, 1054, 1053, 1151, 577, 1200, 672, 1343, 1153, 1249, 1150, 671, 1149, 1199, 1342, 1341, 1154, 670, 669, 578, 1250, 624, 623, 1251, 1252, 960, 959, 768, 767, 958, 957, 766, 765, 864, 863, 576, 575, 862, 861, 574, 573, 480, 481, 385
Time taken: 2303.589
1313, 1312, 1310, 1309, 1311, 1314, 1308, 1307, 1217, 1121, 1118, 1117, 1216, 1214, 1122, 1120, 1116, 1215, 1213, 1119, 1218, 1212, 1115, 1211, 929, 926, 928, 925, 924, 927, 1025, 1022, 1021, 930, 923, 1024, 1020, 1023, 1026, 1019, 830, 829, 833, 832, 828, 834, 831, 827, 737, 736, 734, 733, 735, 738, 732, 739, 641, 640, 638, 639, 637, 642, 636, 643, 545, 542, 544, 541, 540, 543, 546, 539, 256, 255, 253
Time taken: 2223.104
757, 792, 791, 937, 938, 972, 1368, 1333, 1367, 1081, 649, 1116, 684, 1082, 650, 865, 900, 899, 1261, 1262, 1260, 1296, 1259, 577, 1258, 1224, 578, 612, 1223, 1369, 1153, 1222, 1188, 1370, 1371, 1154, 1044, 1043, 1152, 1042, 1151, 1150, 576, 575, 973, 541, 974, 505, 1045, 975, 1332, 506, 1046, 1080, 864, 1331, 540, 1330, 863, 361, 862, 396, 936, 394, 648, 935, 647, 934, 646, 685, 793, 469, 828, 794, 686
Time taken: 2197.616
