1 2 3 4 5 6 14 15 16 19 20 21 
merit 21.25

1 2 3 4 6 8 9 15 16 19 20 21 
50.60540907717883

1 2 3 4 5 6 9 15 16 19 20 21 
23.799


1 2 7 9 11 14 15 16 17 20 21 
57.25
1 2 5 9 11 14 15 16 20 21 
24.95
1 2 5 8 9 11 13 14 15 16 20 21 
24.88

1 2 5 6 8 9 11 13 14 15 17 19 20 21 
27.09061424150812
1 2 3 6 8 9 11 13 14 15 17 19 20 21 
54.718421163551604
1 2 3 6 8 9 10 11 13 14 15 17 19 20 21 
55.05554719798207
1 2 3 4 6 8 9 10 11 12 13 14 15 17 19 20 21 
 54.31463717111083
1 2 3 4 6 8 10 11 12 13 14 17 19 20 21 
 54.777284812312885
1 2 3 4 5 6 8 10 11 12 13 14 17 18 19 20 21 
26.855935581111584
1 2 5 6 8 9 11 13 14 15 17 19 20 21 
27.09061424150812
small ones in common:1, 2, 5, 6, 8,  
small not in common w/big error:


Result w/ 100 lags and 60 iterations of SA:
18.719 MAPE
32.649 MAPE w/ best first and BF, normal Wrapper